5.789473652839660645e-01
5.906764268875122070e-01
5.948562622070312500e-01
6.043248176574707031e-01
6.035997867584228516e-01
6.128123998641967773e-01
6.343512535095214844e-01
6.497270464897155762e-01
6.547385454177856445e-01
6.908214688301086426e-01
6.967713236808776855e-01
7.063465118408203125e-01
7.053228616714477539e-01
6.868762373924255371e-01
7.140023708343505859e-01
7.065171003341674805e-01
7.355839014053344727e-01
7.256888151168823242e-01
7.433251142501831055e-01
7.433890700340270996e-01
7.548835873603820801e-01
7.572080492973327637e-01
7.491043210029602051e-01
7.457775473594665527e-01
7.606841325759887695e-01
7.616224288940429688e-01
7.680414319038391113e-01
7.758679389953613281e-01
7.687239050865173340e-01
7.759532332420349121e-01
7.704512476921081543e-01
7.749722599983215332e-01
7.697688341140747070e-01
7.838437557220458984e-01
7.731382846832275391e-01
7.840569615364074707e-01
7.762731313705444336e-01
7.893883585929870605e-01
7.841635942459106445e-01
7.830333709716796875e-01
7.835025191307067871e-01
7.845474481582641602e-01
7.938454151153564453e-01
7.926511764526367188e-01
7.966817617416381836e-01
7.921820282936096191e-01
7.989635467529296875e-01
7.972362041473388672e-01
7.917128801345825195e-01
7.846540808677673340e-01
