7.520259022712707520e-01
8.117375969886779785e-01
8.328925967216491699e-01
8.379254341125488281e-01
8.575023412704467773e-01
8.528320193290710449e-01
8.585686087608337402e-01
8.728567957878112793e-01
8.760129809379577637e-01
8.780175447463989258e-01
8.800648450851440430e-01
8.672055006027221680e-01
8.915380239486694336e-01
8.950780630111694336e-01
9.008359909057617188e-01
9.055489301681518555e-01
9.042053818702697754e-01
9.073616266250610352e-01
9.166808724403381348e-01
9.224601387977600098e-01
9.188347458839416504e-01
9.275355935096740723e-01
9.250192046165466309e-01
9.272157549858093262e-01
9.249765276908874512e-01
9.043333530426025391e-01
9.300307035446166992e-01
9.285165667533874512e-01
9.337413907051086426e-01
9.292416572570800781e-01
9.258295893669128418e-01
9.274289608001708984e-01
9.348716139793395996e-01
8.959950804710388184e-01
9.303932189941406250e-01
9.403523206710815430e-01
9.070630669593811035e-01
9.410560727119445801e-01
9.360018968582153320e-01
9.293696284294128418e-01
9.350635409355163574e-01
9.299027323722839355e-01
9.443401694297790527e-01
9.472830891609191895e-01
9.328883290290832520e-01
9.465153813362121582e-01
9.468566179275512695e-01
9.207967519760131836e-01
9.402883052825927734e-01
9.399897456169128418e-01
