5.897665619850158691e-01
6.273849010467529297e-01
6.324604153633117676e-01
6.913048624992370605e-01
7.078534960746765137e-01
7.177485823631286621e-01
7.421877384185791016e-01
7.660297155380249023e-01
7.627313733100891113e-01
7.834314107894897461e-01
7.906537055969238281e-01
7.843555212020874023e-01
7.991697192192077637e-01
8.064204454421997070e-01
8.149080276489257812e-01
8.122920989990234375e-01
8.063067197799682617e-01
8.209075927734375000e-01
8.094629049301147461e-01
8.254570960998535156e-01
8.277744650840759277e-01
8.223435282707214355e-01
8.257982730865478516e-01
8.165571689605712891e-01
8.352099657058715820e-01
8.239074349403381348e-01
8.221871256828308105e-01
8.393756151199340820e-01
8.407546281814575195e-01
8.324518799781799316e-01
8.326793313026428223e-01
8.293952345848083496e-01
8.451903462409973145e-01
8.453894257545471191e-01
8.431004285812377930e-01
8.407830595970153809e-01
8.445079326629638672e-01
8.432568311691284180e-01
8.466405272483825684e-01
8.508771657943725586e-01
8.467542529106140137e-01
8.512041568756103516e-01
8.539480566978454590e-01
8.510904312133789062e-01
8.489152193069458008e-01
8.541755676269531250e-01
8.579714894294738770e-01
8.578151464462280273e-01
8.560664057731628418e-01
8.400580286979675293e-01
