7.473556399345397949e-01
7.985584139823913574e-01
7.981958389282226562e-01
8.412948846817016602e-01
8.543674945831298828e-01
8.625351786613464355e-01
8.747121095657348633e-01
8.612343072891235352e-01
8.699351549148559570e-01
8.861852884292602539e-01
8.889362812042236328e-01
8.993431925773620605e-01
9.056128859519958496e-01
8.939051628112792969e-01
9.102618694305419922e-01
9.054422974586486816e-01
9.045892953872680664e-01
9.101338982582092285e-01
9.006866812705993652e-01
9.144203662872314453e-01
9.280048012733459473e-01
9.138445854187011719e-01
9.225240945816040039e-01
9.270664453506469727e-01
9.137806296348571777e-01
9.322059154510498047e-01
9.301586747169494629e-01
9.285165667533874512e-01
9.296468496322631836e-01
9.332509040832519531e-01
9.306064844131469727e-01
9.128209352493286133e-01
9.387528896331787109e-01
9.372600913047790527e-01
9.401603937149047852e-01
9.401390552520751953e-01
9.425914883613586426e-01
9.386462569236755371e-01
9.443188309669494629e-01
9.454917907714843750e-01
9.401816725730895996e-01
9.438710212707519531e-01
9.233558177947998047e-01
9.429113864898681641e-01
9.484347105026245117e-01
9.488185644149780273e-01
9.476029872894287109e-01
9.479655623435974121e-01
9.502686858177185059e-01
9.475816488265991211e-01
