7.233856320381164551e-01
8.206943869590759277e-01
8.392689824104309082e-01
8.518937230110168457e-01
8.734539151191711426e-01
8.798302412033081055e-01
8.762475252151489258e-01
8.875501155853271484e-01
9.043546915054321289e-01
8.951420187950134277e-01
8.921564221382141113e-01
9.000469446182250977e-01
9.151027798652648926e-01
9.215004444122314453e-01
9.160197973251342773e-01
9.055275917053222656e-01
9.197731018066406250e-01
9.112002253532409668e-01
9.210953116416931152e-01
9.330589175224304199e-01
9.276208877563476562e-01
9.399684667587280273e-01
9.263413548469543457e-01
9.346370100975036621e-01
9.351915121078491211e-01
9.432952404022216797e-01
9.457476735115051270e-01
9.468352794647216797e-01
9.447240233421325684e-01
9.405868649482727051e-01
9.422715902328491211e-01
9.462381601333618164e-01
9.489465355873107910e-01
9.506525397300720215e-01
9.495649337768554688e-01
9.519534111022949219e-01
9.505459070205688477e-01
9.501620531082153320e-01
9.483920335769653320e-01
9.467286467552185059e-01
9.511643648147583008e-01
9.587989449501037598e-01
9.544271826744079590e-01
9.540007114410400391e-01
9.590548276901245117e-01
9.567517042160034180e-01
9.464514255523681641e-01
9.537661075592041016e-01
9.589269161224365234e-01
9.552162289619445801e-01
