5.759650468826293945e-01
6.088078618049621582e-01
6.363190412521362305e-01
6.641714572906494141e-01
6.932821273803710938e-01
7.022819519042968750e-01
7.141181230545043945e-01
7.349967956542968750e-01
7.331840395927429199e-01
7.468116879463195801e-01
7.598848342895507812e-01
7.657922506332397461e-01
7.681168913841247559e-01
7.688633203506469727e-01
7.800384163856506348e-01
7.771593332290649414e-01
7.820004224777221680e-01
7.903817296028137207e-01
7.872893810272216797e-01
7.743228673934936523e-01
7.922158241271972656e-01
7.978033423423767090e-01
8.003412485122680664e-01
7.960546016693115234e-01
8.042013049125671387e-01
8.057794570922851562e-01
8.016421198844909668e-01
8.084666132926940918e-01
8.084026575088500977e-01
8.085519075393676758e-01
7.994881868362426758e-01
8.089997768402099609e-01
8.148432374000549316e-01
8.104926347732543945e-01
8.184900879859924316e-01
8.112390637397766113e-01
7.966943979263305664e-01
8.192151784896850586e-01
8.142034411430358887e-01
8.204734325408935547e-01
8.233738541603088379e-01
8.214331269264221191e-01
8.221582174301147461e-01
8.180848956108093262e-01
8.274898529052734375e-01
8.213691711425781250e-01
8.296225070953369141e-01
8.221795558929443359e-01
8.237790465354919434e-01
8.238003849983215332e-01
