5.755992531776428223e-01
5.915934443473815918e-01
6.063933968544006348e-01
6.216412186622619629e-01
6.495563983917236328e-01
6.946173906326293945e-01
7.089269161224365234e-01
6.951292157173156738e-01
7.270323038101196289e-01
7.346455454826354980e-01
7.413631081581115723e-01
7.513008713722229004e-01
7.497441172599792480e-01
7.639256119728088379e-01
7.616437673568725586e-01
7.619209885597229004e-01
7.747803330421447754e-01
7.757826447486877441e-01
7.690011262893676758e-01
7.826707959175109863e-01
7.827348113059997559e-01
7.872985005378723145e-01
7.892604470252990723e-01
7.920967340469360352e-01
7.915635704994201660e-01
7.890471816062927246e-01
7.990062236785888672e-01
7.967030405998229980e-01
7.999232411384582520e-01
7.903693318367004395e-01
8.055958151817321777e-01
8.047641515731811523e-01
8.092212080955505371e-01
8.056598305702209473e-01
8.061929345130920410e-01
8.099462389945983887e-01
8.134436607360839844e-01
8.129745125770568848e-01
8.105860352516174316e-01
8.181565999984741211e-01
8.160454034805297852e-01
8.153842687606811523e-01
8.205450773239135742e-01
8.113324046134948730e-01
8.187750577926635742e-01
8.093704581260681152e-01
8.185191750526428223e-01
8.132730722427368164e-01
8.173249363899230957e-01
8.215900659561157227e-01
