1.888662725687026978e-01
1.553168445825576782e-01
1.569420546293258667e-01
1.217400804162025452e-01
1.122529953718185425e-01
1.049661114811897278e-01
9.553483873605728149e-02
1.064481213688850403e-01
9.951728582382202148e-02
8.848164230585098267e-02
8.679519593715667725e-02
7.940813899040222168e-02
7.481899857521057129e-02
8.487667143344879150e-02
7.215281575918197632e-02
7.515820860862731934e-02
7.534065842628479004e-02
7.185100018978118896e-02
7.818639278411865234e-02
7.060567289590835571e-02
5.945422872900962830e-02
6.940799206495285034e-02
6.231566518545150757e-02
5.945267900824546814e-02
6.745731830596923828e-02
5.637105181813240051e-02
5.649989098310470581e-02
5.748188123106956482e-02
5.671554431319236755e-02
5.473353713750839233e-02
5.630421638488769531e-02
6.978876143693923950e-02
5.195374786853790283e-02
5.145838856697082520e-02
5.053990706801414490e-02
5.077207460999488831e-02
4.793567955493927002e-02
5.115872621536254883e-02
4.689747467637062073e-02
4.642490297555923462e-02
4.987311735749244690e-02
4.694202169775962830e-02
5.937319248914718628e-02
4.784419015049934387e-02
4.375818744301795959e-02
4.357981309294700623e-02
4.418252781033515930e-02
4.346350207924842834e-02
4.173927754163742065e-02
4.449720680713653564e-02
