2.432889789342880249e-01
2.376767396926879883e-01
2.335110008716583252e-01
2.292963564395904541e-01
2.220171838998794556e-01
2.131094783544540405e-01
2.072278410196304321e-01
2.061242908239364624e-01
2.010063678026199341e-01
1.967287510633468628e-01
1.937582790851593018e-01
1.901898384094238281e-01
1.910994648933410645e-01
1.825807839632034302e-01
1.847754120826721191e-01
1.799126714468002319e-01
1.780594885349273682e-01
1.768237054347991943e-01
1.753635257482528687e-01
1.700538545846939087e-01
1.699731498956680298e-01
1.681835949420928955e-01
1.652929037809371948e-01
1.639319211244583130e-01
1.642300635576248169e-01
1.659471988677978516e-01
1.591668576002120972e-01
1.600815057754516602e-01
1.570441871881484985e-01
1.619192808866500854e-01
1.554666310548782349e-01
1.543766856193542480e-01
1.555828005075454712e-01
1.539116650819778442e-01
1.536221802234649658e-01
1.533620059490203857e-01
1.486895084381103516e-01
1.487785279750823975e-01
1.508305221796035767e-01
1.461934000253677368e-01
1.471332609653472900e-01
1.466172188520431519e-01
1.454175710678100586e-01
1.476672887802124023e-01
1.443728357553482056e-01
1.491882950067520142e-01
1.438936442136764526e-01
1.474210917949676514e-01
1.462680101394653320e-01
1.419221907854080200e-01
