1.889135241508483887e-01
1.379108130931854248e-01
1.242610514163970947e-01
1.116008684039115906e-01
9.935826063156127930e-02
9.519863128662109375e-02
9.735450893640518188e-02
8.841263502836227417e-02
7.881544530391693115e-02
8.357363194227218628e-02
8.449687808752059937e-02
7.956717163324356079e-02
6.829292327165603638e-02
6.393573433160781860e-02
6.800160557031631470e-02
7.230186462402343750e-02
6.538516283035278320e-02
7.011304795742034912e-02
6.244014576077461243e-02
5.629003420472145081e-02
5.960913747549057007e-02
5.048000067472457886e-02
5.936129018664360046e-02
5.528561770915985107e-02
5.349710211157798767e-02
4.667321965098381042e-02
4.587628319859504700e-02
4.425201192498207092e-02
4.583561792969703674e-02
4.910920932888984680e-02
4.810788482427597046e-02
4.570714384317398071e-02
4.357513785362243652e-02
4.127239808440208435e-02
4.309981316328048706e-02
4.067303612828254700e-02
4.186986386775970459e-02
4.104305431246757507e-02
4.314841702580451965e-02
4.473576694726943970e-02
4.138112440705299377e-02
3.694364428520202637e-02
3.933541104197502136e-02
3.983256593346595764e-02
3.617682680487632751e-02
3.703005984425544739e-02
4.384882748126983643e-02
3.940209001302719116e-02
3.497030958533287048e-02
3.798538818955421448e-02
