2.431678920984268188e-01
2.344506233930587769e-01
2.273340076208114624e-01
2.208956331014633179e-01
2.147448509931564331e-01
2.102887481451034546e-01
2.046645134687423706e-01
1.983766406774520874e-01
1.971080154180526733e-01
1.909718960523605347e-01
1.860904544591903687e-01
1.824722588062286377e-01
1.808633804321289062e-01
1.800920218229293823e-01
1.749831438064575195e-01
1.746087670326232910e-01
1.701487749814987183e-01
1.697632968425750732e-01
1.678442209959030151e-01
1.714665442705154419e-01
1.637401431798934937e-01
1.610539257526397705e-01
1.629530042409896851e-01
1.610574573278427124e-01
1.579134017229080200e-01
1.562046408653259277e-01
1.588279604911804199e-01
1.543585658073425293e-01
1.522768884897232056e-01
1.534722894430160522e-01
1.557902693748474121e-01
1.540768444538116455e-01
1.488463729619979858e-01
1.501317620277404785e-01
1.479403972625732422e-01
1.502069234848022461e-01
1.570485532283782959e-01
1.445069909095764160e-01
1.460558921098709106e-01
1.447997689247131348e-01
1.431374251842498779e-01
1.481641978025436401e-01
1.425675898790359497e-01
1.452845931053161621e-01
1.413619667291641235e-01
1.447277516126632690e-01
1.389074921607971191e-01
1.420204341411590576e-01
1.398673951625823975e-01
1.407679170370101929e-01
