1.781499534845352173e-01
1.473976969718933105e-01
1.327056586742401123e-01
1.231372058391571045e-01
1.110408231616020203e-01
1.126666367053985596e-01
1.097375527024269104e-01
9.759650379419326782e-02
9.632806479930877686e-02
9.472642838954925537e-02
9.332592785358428955e-02
1.026589870452880859e-01
8.561132848262786865e-02
8.427138626575469971e-02
7.881513237953186035e-02
7.431647181510925293e-02
7.889146357774734497e-02
7.314520329236984253e-02
6.692165136337280273e-02
6.289011240005493164e-02
6.516054272651672363e-02
5.945176258683204651e-02
6.051642075181007385e-02
5.912405252456665039e-02
6.295739859342575073e-02
7.577960938215255737e-02
5.735948309302330017e-02
5.833610892295837402e-02
5.577942728996276855e-02
5.819410830736160278e-02
6.055414304137229919e-02
5.833995714783668518e-02
5.444133281707763672e-02
8.776190876960754395e-02
5.655356124043464661e-02
5.007052421569824219e-02
7.308825105428695679e-02
4.890547320246696472e-02
5.117700248956680298e-02
5.625836923718452454e-02
5.285002663731575012e-02
5.597998574376106262e-02
4.676896706223487854e-02
4.397457838058471680e-02
5.621792003512382507e-02
4.465594515204429626e-02
4.435167089104652405e-02
6.594973057508468628e-02
4.841437935829162598e-02
4.887991771101951599e-02
