2.415544539690017700e-01
2.393787205219268799e-01
2.354602962732315063e-01
2.274944633245468140e-01
2.244043201208114624e-01
2.175025045871734619e-01
2.115786671638488770e-01
2.033160328865051270e-01
2.028349488973617554e-01
1.924252063035964966e-01
1.878368556499481201e-01
1.881099045276641846e-01
1.807100772857666016e-01
1.770307272672653198e-01
1.722473502159118652e-01
1.729524582624435425e-01
1.722094863653182983e-01
1.655986309051513672e-01
1.709009706974029541e-01
1.619386523962020874e-01
1.602971255779266357e-01
1.627246439456939697e-01
1.598041057586669922e-01
1.649905145168304443e-01
1.538046151399612427e-01
1.596200764179229736e-01
1.607219725847244263e-01
1.509277671575546265e-01
1.493593603372573853e-01
1.523770838975906372e-01
1.518225222826004028e-01
1.533106565475463867e-01
1.448411196470260620e-01
1.454226970672607422e-01
1.452932208776473999e-01
1.467677950859069824e-01
1.451666057109832764e-01
1.445112228393554688e-01
1.430906951427459717e-01
1.398038864135742188e-01
1.423819065093994141e-01
1.392500847578048706e-01
1.372346431016921997e-01
1.388581544160842896e-01
1.412832438945770264e-01
1.368399411439895630e-01
1.347064226865768433e-01
1.343285739421844482e-01
1.350745260715484619e-01
1.437915265560150146e-01
