2.437872588634490967e-01
2.399100512266159058e-01
2.380905300378799438e-01
2.348970472812652588e-01
2.327428907155990601e-01
2.301542758941650391e-01
2.255766540765762329e-01
2.222711592912673950e-01
2.184590250253677368e-01
2.162692546844482422e-01
2.093963027000427246e-01
2.089407444000244141e-01
2.074582129716873169e-01
2.069060802459716797e-01
2.030613422393798828e-01
2.038322687149047852e-01
1.946092694997787476e-01
1.943314671516418457e-01
1.898843646049499512e-01
1.891715973615646362e-01
1.860296428203582764e-01
1.844027340412139893e-01
1.868119835853576660e-01
1.839061230421066284e-01
1.807481795549392700e-01
1.792582422494888306e-01
1.786062270402908325e-01
1.749866455793380737e-01
1.751075088977813721e-01
1.719675958156585693e-01
1.729852408170700073e-01
1.725521534681320190e-01
1.763716340065002441e-01
1.666745245456695557e-01
1.720970720052719116e-01
1.669041663408279419e-01
1.715376079082489014e-01
1.637120544910430908e-01
1.670028269290924072e-01
1.690834015607833862e-01
1.656157523393630981e-01
1.651361584663391113e-01
1.604904681444168091e-01
1.601837873458862305e-01
1.589685082435607910e-01
1.628099828958511353e-01
1.571074426174163818e-01
1.595111787319183350e-01
1.617608666419982910e-01
1.655197888612747192e-01
